2 0.909082 0.360375 0.0757759 0.151568
0 0.796183 0.346709 0.037863 0.176786
0 0.155434 0.360027 0.0433914 0.228913
0 0.835084 0.348109 0.0347218 0.172247
0 0.728741 0.30067 0.039692 0.152882
2 0.499559 0.468853 0.659519 0.907559
0 0.331055 0.240961 0.0211698 0.0489289
2 0.896369 0.303286 0.0608046 0.0673092
0 0.063488 0.31672 0.019204 0.0950097
0 0.203501 0.307357 0.0360846 0.123415
0 0.126345 0.308547 0.0159972 0.0871096
2 0.770048 0.281989 0.0497088 0.0789319
0 0.182272 0.327733 0.018114 0.119522
0 0.2298 0.304321 0.0142784 0.0567251
0 0.253811 0.283768 0.023655 0.0387763
0 0.250893 0.286567 0.0186186 0.0412175
0 0.229788 0.315719 0.0161324 0.0813751
