2 0.303108 0.37356 0.124526 0.100815
2 0.848298 0.485884 0.282995 0.207465
2 0.236276 0.449598 0.0980517 0.242987
2 0.668676 0.397719 0.130898 0.0987078
2 0.512278 0.575346 0.445909 0.407974
2 0.257976 0.314525 0.0629176 0.0391318
2 0.49536 0.359138 0.0943382 0.0365218
2 0.3991 0.359226 0.0997499 0.0565548
2 0.194352 0.296928 0.0137059 0.0221675
2 0.53165 0.339393 0.0740265 0.0247325
7 0.0157068 0.419641 0.0308494 0.290316
2 0.334998 0.313498 0.0454373 0.0293226
2 0.546708 0.359951 0.0719101 0.0315916
7 0.512778 0.575297 0.445847 0.410137
