2 0.606392 0.649502 0.609126 0.56048
1 0.854724 0.25301 0.245048 0.207869
1 0.385443 0.399929 0.0910915 0.2617
1 0.818307 0.160634 0.174722 0.123839
1 0.3949 0.216998 0.0573753 0.139892
62 0.292347 0.0556893 0.0974447 0.110166
1 0.555901 0.2623 0.104915 0.13034
26 0.417803 0.536481 0.131363 0.139696
1 0.66154 0.237291 0.049414 0.114612
1 0.614673 0.284159 0.0318084 0.0596509
1 0.364068 0.0704031 0.0475371 0.0923202
1 0.510031 0.120713 0.08065 0.171507
0 0.0486483 0.136946 0.09694 0.270962
1 0.626598 0.247499 0.0442101 0.117508
1 0.664768 0.248262 0.0418812 0.0882202
1 0.406357 0.0694324 0.0489183 0.0887301
1 0.60371 0.650994 0.60087 0.565328
1 0.610849 0.251817 0.0486423 0.119275
1 0.483113 0.326607 0.0491891 0.164042
