0 0.700439453125 0.50146484375 0.07177734375 0.3759765625
0 0.5869140625 0.40576171875 0.0166015625 0.1044921875
0 0.522705078125 0.37451171875 0.01025390625 0.0673828125
0 0.502197265625 0.38525390625 0.01220703125 0.0712890625
0 0.487548828125 0.384765625 0.01220703125 0.07421875
0 0.465087890625 0.41015625 0.01708984375 0.091796875
0 0.39013671875 0.4853515625 0.0458984375 0.25
0 0.338623046875 0.48974609375 0.05615234375 0.2958984375
0 0.277099609375 0.49853515625 0.05908203125 0.2763671875
0 0.21826171875 0.498046875 0.056640625 0.287109375
0 0.138427734375 0.50634765625 0.06103515625 0.2978515625
