1 0.841998 0.714389 0.192567 0.561573
0 0.724044 0.551679 0.410166 0.84092
1 0.702171 0.740331 0.221356 0.509902
1 0.436245 0.725585 0.102391 0.338636
1 0.514239 0.73343 0.112572 0.367711
0 0.293459 0.598682 0.106348 0.458899
0 0.513084 0.529829 0.107734 0.583255
0 0.451921 0.567932 0.113829 0.618921
0 0.317841 0.385421 0.0574932 0.132584
0 0.385967 0.571912 0.100186 0.546617
1 0.330018 0.725852 0.0991332 0.304713
1 0.597974 0.741156 0.117286 0.362675
0 0.162025 0.602621 0.0885033 0.309456
1 0.580575 0.74722 0.0792641 0.348675
1 0.381252 0.71228 0.0600315 0.279111
1 0.618252 0.749948 0.0795866 0.35376
1 0.170785 0.675379 0.0745586 0.177952
