0 0.65576171875 0.43798828125 0.0361328125 0.2080078125
0 0.510986328125 0.43603515625 0.02880859375 0.1591796875
0 0.41162109375 0.44140625 0.0419921875 0.16796875
0 0.28564453125 0.43798828125 0.029296875 0.1494140625
0 0.44482421875 0.4091796875 0.01171875 0.0625
0 0.4599609375 0.40283203125 0.0078125 0.0478515625
0 0.39306640625 0.41650390625 0.0146484375 0.0771484375
0 0.56640625 0.3984375 0.005859375 0.0390625
0 0.133544921875 0.46044921875 0.04150390625 0.2216796875
0 0.552978515625 0.39501953125 0.00537109375 0.0322265625
0 0.56005859375 0.3935546875 0.0048828125 0.033203125
