1 0.655859 0.637576 0.563258 0.597948
2 0.847661 0.353617 0.303619 0.30401
2 0.471092 0.243734 0.0913142 0.0661962
3 0.034085 0.282582 0.0677437 0.178896
1 0.206891 0.420427 0.263627 0.308843
9 0.802818 0.0411442 0.0631563 0.0817956
2 0.623848 0.268039 0.284239 0.179767
1 0.384547 0.540299 0.302353 0.46616
1 0.417288 0.656869 0.233103 0.390192
1 0.210428 0.554652 0.123132 0.212937
1 0.253883 0.595623 0.134724 0.239399
1 0.473686 0.581782 0.344198 0.525557
1 0.276597 0.558491 0.180049 0.311204
1 0.237577 0.526831 0.178677 0.267366
1 0.176855 0.526389 0.113455 0.193151
9 0.613945 0.114165 0.0169205 0.0385831
1 0.167775 0.436525 0.186351 0.279508
