0 0.613525390625 0.45703125 0.03271484375 0.18359375
0 0.54443359375 0.43359375 0.0205078125 0.083984375
0 0.5234375 0.435546875 0.0146484375 0.08203125
0 0.489501953125 0.4365234375 0.01123046875 0.068359375
0 0.466552734375 0.4443359375 0.01904296875 0.1015625
0 0.443359375 0.45068359375 0.025390625 0.1376953125
0 0.398193359375 0.490234375 0.05419921875 0.2890625
0 0.33203125 0.49169921875 0.046875 0.2587890625
0 0.276611328125 0.49462890625 0.05615234375 0.2744140625
0 0.20458984375 0.52587890625 0.072265625 0.3310546875
