0 0.46607 0.357388 0.186944 0.604572
0 0.844346 0.515186 0.198896 0.863525
0 0.655165 0.581458 0.235111 0.707957
0 0.18338 0.496426 0.203021 0.86773
0 0.302791 0.359978 0.142231 0.56811
2 0.924896 0.208023 0.0592935 0.0640265
2 0.967094 0.218714 0.0649214 0.132866
2 0.863578 0.380732 0.272801 0.338601
0 0.338539 0.333608 0.07539 0.515689
2 0.774584 0.191451 0.0543909 0.0559118
2 0.521639 0.130341 0.0457596 0.0268985
2 0.640269 0.159944 0.0630871 0.0532575
2 0.957193 0.39499 0.0850836 0.313891
2 0.549364 0.186488 0.0692299 0.0907496
2 0.66356 0.275873 0.239942 0.129856
0 0.334049 0.160553 0.0681174 0.170544
