2 0.617986 0.393611 0.379055 0.498775
0 0.828404 0.489582 0.182243 0.805895
0 0.161521 0.531266 0.152704 0.732704
2 0.0772928 0.381651 0.153888 0.642673
0 0.840913 0.0961656 0.0442116 0.190731
0 0.882008 0.108519 0.0392296 0.215534
26 0.166166 0.445836 0.0968977 0.215012
2 0.743497 0.0669658 0.134481 0.130228
2 0.231745 0.333395 0.210142 0.516609
2 0.970845 0.0395756 0.0367722 0.0787259
2 0.896358 0.0714182 0.0898695 0.139729
7 0.421861 0.228669 0.191026 0.438098
0 0.689214 0.252108 0.0620731 0.0786076
2 0.945893 0.0561572 0.0397262 0.110171
2 0.913234 0.0723284 0.0493822 0.138237
26 0.156261 0.498035 0.0756251 0.106789
2 0.677085 0.119693 0.133444 0.0716851
