0 0.427009 0.498283 0.141937 0.579343
0 0.588712 0.480891 0.211982 0.806614
0 0.863787 0.574481 0.189227 0.767957
0 0.0706366 0.506815 0.122539 0.601418
0 0.166788 0.448458 0.116022 0.670267
0 0.748216 0.523261 0.119018 0.579706
24 0.661704 0.377033 0.0784103 0.244366
0 0.198264 0.385041 0.0542878 0.443954
26 0.472775 0.421495 0.0632255 0.244301
0 0.886037 0.313991 0.133705 0.433691
0 0.757768 0.323228 0.107995 0.379527
0 0.889205 0.489753 0.137755 0.78924
0 0.642556 0.522306 0.181244 0.646209
26 0.0723828 0.379249 0.0282549 0.152538
