0 0.54064 0.515521 0.211831 0.772617
0 0.848224 0.502001 0.24089 0.845141
0 0.266942 0.725751 0.239899 0.548499
0 0.0981487 0.400192 0.14059 0.634108
0 0.294422 0.367236 0.107433 0.38235
0 0.424592 0.367221 0.10965 0.399106
0 0.20905 0.380138 0.0712636 0.353637
0 0.384211 0.392053 0.0385119 0.193855
24 0.192539 0.334448 0.0742459 0.214225
0 0.0533293 0.342512 0.0752959 0.297769
24 0.280823 0.316236 0.0822547 0.161931
26 0.476127 0.374703 0.083409 0.273951
24 0.191781 0.348748 0.0765522 0.30809
26 0.494554 0.319511 0.0511146 0.166353
0 0.194116 0.377256 0.0755522 0.359877
