0 0.0852164 0.64648 0.169432 0.688817
0 0.135572 0.567684 0.130128 0.402731
0 0.578183 0.61556 0.143742 0.517338
0 0.704042 0.589249 0.159232 0.552046
24 0.563063 0.535738 0.105662 0.196183
0 0.181515 0.388637 0.0734138 0.12423
24 0.795316 0.403252 0.0753821 0.0968906
26 0.727723 0.526809 0.132525 0.243794
1 0.500216 0.503336 0.0639809 0.105774
1 0.988213 0.567719 0.0229019 0.0965066
1 0.349122 0.469899 0.153203 0.139565
0 0.758888 0.397209 0.103079 0.197402
1 0.806795 0.566903 0.067687 0.173635
1 0.270459 0.449574 0.118399 0.166904
1 0.863646 0.482294 0.0705886 0.15154
0 0.568642 0.408686 0.082326 0.149163
1 0.445265 0.483985 0.166254 0.1261
0 0.76819 0.440236 0.120754 0.285074
1 0.198785 0.484879 0.0369334 0.0853318
1 0.81719 0.547402 0.0815731 0.127585
