0 0.814676 0.641818 0.322498 0.66862
0 0.488531 0.593193 0.311867 0.627958
1 0.269777 0.697489 0.328973 0.290429
0 0.659977 0.414221 0.072061 0.11587
1 0.0569617 0.692733 0.113237 0.23967
0 0.737013 0.389755 0.0535771 0.0789387
1 0.0181176 0.759375 0.0357864 0.157888
1 0.936204 0.621111 0.126798 0.198416
1 0.0899651 0.611488 0.14735 0.202852
1 0.930809 0.534923 0.136909 0.111979
1 0.55345 0.71144 0.403818 0.267215
0 0.401933 0.409077 0.0302372 0.105865
9 0.872332 0.284814 0.0144028 0.0236967
0 0.968743 0.377853 0.0201885 0.0573052
0 0.366102 0.403396 0.0437086 0.12152
1 0.219811 0.591017 0.179529 0.198607
0 0.986812 0.368237 0.0207333 0.0518052
1 0.644159 0.610285 0.186775 0.14139
1 0.433623 0.698907 0.663063 0.2955
