0 0.261928 0.506429 0.275661 0.898434
2 0.579063 0.322487 0.303169 0.33209
12 0.897144 0.193666 0.0300171 0.0820551
2 0.712965 0.0692846 0.0955771 0.0898649
2 0.0904853 0.419891 0.178977 0.452688
2 0.83909 0.0657169 0.0652997 0.0633986
2 0.272841 0.264522 0.540305 0.30919
2 0.26738 0.368331 0.533815 0.519679
26 0.143574 0.537795 0.0698442 0.174664
2 0.205587 0.407987 0.409081 0.460293
2 0.615975 0.0904851 0.154023 0.0861177
2 0.790571 0.0695097 0.0677336 0.069433
2 0.398411 0.074548 0.116296 0.0647596
2 0.420564 0.101756 0.161966 0.119384
2 0.696965 0.0827172 0.0575273 0.0729892
