13 0.202345 0.791818 0.402453 0.330166
0 0.489474 0.628995 0.175694 0.535819
0 0.885337 0.658065 0.167645 0.529744
0 0.582644 0.570889 0.11787 0.415538
0 0.741796 0.6494 0.179476 0.55931
0 0.308629 0.49082 0.0849916 0.250153
0 0.385427 0.486763 0.0938297 0.287946
0 0.957791 0.429391 0.0817901 0.175296
26 0.68622 0.577315 0.06694 0.23558
26 0.569023 0.545069 0.0771615 0.196245
26 0.201961 0.500807 0.0619483 0.105597
0 0.968367 0.605699 0.0596686 0.330652
0 0.234269 0.495916 0.100003 0.23947
26 0.569709 0.572438 0.0739418 0.14334
24 0.73991 0.507129 0.105811 0.0978256
0 0.825568 0.429343 0.0428687 0.0952019
