0 0.365969 0.528509 0.339616 0.794058
2 0.154732 0.469952 0.30784 0.455465
0 0.802527 0.497416 0.23293 0.688476
0 0.657701 0.482502 0.195185 0.669111
2 0.850011 0.160768 0.113027 0.121562
2 0.659084 0.16789 0.135954 0.149511
0 0.438337 0.524635 0.20207 0.763191
24 0.383246 0.365227 0.128351 0.260078
2 0.977939 0.173706 0.0431827 0.205546
2 0.45867 0.185415 0.13531 0.134808
2 0.880514 0.121627 0.0925524 0.0991936
2 0.249774 0.178341 0.138953 0.155995
2 0.186599 0.229255 0.209349 0.0805847
2 0.484313 0.166518 0.120094 0.130812
24 0.398761 0.379573 0.0957004 0.231564
2 0.532418 0.14564 0.10509 0.140294
7 0.797861 0.0852234 0.0938442 0.103361
