0 0.172209 0.548492 0.238601 0.765855
0 0.386635 0.566667 0.200069 0.742431
0 0.541245 0.586321 0.158543 0.748397
0 0.760417 0.534121 0.172585 0.647299
0 0.0785981 0.294558 0.106398 0.313912
26 0.824701 0.402272 0.0608565 0.176065
0 0.957081 0.714782 0.0848909 0.545431
26 0.27735 0.690461 0.0654786 0.233822
26 0.0755608 0.271394 0.045679 0.16824
26 0.245477 0.398991 0.045773 0.212565
2 0.823511 0.343502 0.351305 0.246853
26 0.437041 0.425921 0.0461379 0.194286
0 0.565388 0.217884 0.0313142 0.0557469
2 0.880769 0.344308 0.237237 0.243927
26 0.447841 0.467291 0.0660755 0.280896
65 0.921264 0.613651 0.0379906 0.0465809
