0 0.338382 0.635256 0.187367 0.59946
0 0.183727 0.533355 0.14776 0.562824
0 0.652507 0.529957 0.129426 0.464348
0 0.447968 0.468427 0.0901901 0.262754
24 0.343019 0.555153 0.0986512 0.206291
0 0.312667 0.372562 0.0489202 0.129624
26 0.67174 0.452465 0.066218 0.186957
2 0.0250074 0.39351 0.0496726 0.154234
2 0.0546354 0.385279 0.0544133 0.121827
0 0.270713 0.363734 0.020638 0.0897621
9 0.149295 0.0605347 0.0408794 0.121069
0 0.833314 0.454936 0.134942 0.587519
2 0.0128631 0.457056 0.0254201 0.183619
9 0.0867762 0.0611006 0.0308142 0.114772
0 0.834628 0.242336 0.123731 0.181059
0 0.230251 0.346051 0.0235968 0.0677564
0 0.248132 0.360828 0.0187605 0.0891647
