0 0.166119 0.457316 0.23159 0.673827
0 0.549274 0.52245 0.238823 0.736244
0 0.817196 0.503051 0.107304 0.679212
2 0.0760805 0.272044 0.0874465 0.265162
2 0.422038 0.206554 0.14252 0.192762
0 0.72009 0.491788 0.18112 0.830679
2 0.23469 0.24571 0.129101 0.209327
2 0.208323 0.262939 0.0985723 0.198453
2 0.304785 0.225205 0.115269 0.218577
2 0.811795 0.479613 0.37487 0.52059
2 0.377574 0.236837 0.0783432 0.162635
2 0.0246118 0.267377 0.0489136 0.301626
0 0.551291 0.186124 0.0858075 0.263597
2 0.778232 0.181081 0.0537653 0.0948111
2 0.629403 0.206274 0.0964453 0.154086
24 0.576839 0.400024 0.117186 0.25752
2 0.893066 0.233996 0.212841 0.261161
24 0.600972 0.421275 0.0687041 0.217669
26 0.164649 0.572473 0.0485595 0.131015
2 0.969143 0.0962791 0.0609649 0.0807603
2 0.728986 0.197299 0.0570516 0.0694809
