0 0.590778 0.508288 0.135031 0.519377
0 0.394604 0.608235 0.169947 0.658868
24 0.376262 0.506229 0.127549 0.237449
1 0.713715 0.602486 0.109984 0.28817
0 0.839816 0.477341 0.109229 0.492429
0 0.955688 0.43149 0.0876645 0.321033
24 0.582787 0.439266 0.0859144 0.208424
0 0.887489 0.351491 0.0621453 0.215878
24 0.954333 0.387487 0.0527863 0.10732
1 0.501299 0.739908 0.119581 0.287005
0 0.703075 0.497615 0.157419 0.436534
0 0.53457 0.320708 0.0749415 0.125321
0 0.483582 0.561671 0.121275 0.588072
0 0.325119 0.526194 0.0862165 0.475726
1 0.24406 0.533981 0.11839 0.247638
0 0.27648 0.433575 0.121587 0.329796
1 0.903034 0.431416 0.0469673 0.152215
0 0.617346 0.289082 0.0373628 0.11345
24 0.669707 0.437563 0.0503552 0.189599
26 0.800514 0.48307 0.0335418 0.109566
0 0.982945 0.290476 0.0331467 0.129406
