0 0.534352 0.527062 0.29036 0.816506
0 0.816563 0.533015 0.237757 0.866205
2 0.231585 0.329461 0.461765 0.29996
26 0.847869 0.448353 0.172693 0.410549
0 0.661859 0.242264 0.0859953 0.189885
0 0.914835 0.32551 0.10995 0.491441
2 0.101972 0.242776 0.203274 0.118722
26 0.371151 0.366192 0.0922824 0.192405
0 0.23596 0.165566 0.0515519 0.0424581
0 0.260563 0.158233 0.0274611 0.0286099
24 0.638892 0.226525 0.0436965 0.0828758
0 0.903089 0.185676 0.0894215 0.209466
0 0.571298 0.197805 0.0586242 0.132237
2 0.411899 0.169987 0.059182 0.0241076
