0 0.168148 0.481328 0.252705 0.614334
0 0.345587 0.431772 0.157897 0.513826
26 0.184551 0.41623 0.216439 0.272872
0 0.0393542 0.318798 0.0757714 0.226949
0 0.756562 0.370644 0.100725 0.296301
0 0.583051 0.422849 0.195334 0.531648
0 0.840245 0.352373 0.0862755 0.260306
9 0.470964 0.0361142 0.0577373 0.0720363
24 0.58475 0.319167 0.113565 0.174936
26 0.401037 0.536147 0.0526159 0.139482
0 0.648642 0.356104 0.0829171 0.279345
9 0.443645 0.131553 0.0432541 0.0812374
25 0.0455203 0.208112 0.0896828 0.0656375
25 0.0460461 0.193335 0.0898158 0.0356514
0 0.20822 0.268761 0.0185588 0.0378854
0 0.875869 0.328722 0.0315331 0.125033
