0 0.949801 0.474564 0.0988592 0.352507
0 0.617064 0.538702 0.21534 0.597301
26 0.328511 0.458214 0.0756382 0.214298
0 0.2127 0.542783 0.167643 0.565195
0 0.411078 0.551425 0.177501 0.575811
1 0.866284 0.557365 0.262017 0.197715
0 0.297776 0.534249 0.0934184 0.523772
24 0.646722 0.455627 0.136664 0.19196
0 0.49702 0.524616 0.10371 0.519126
26 0.207015 0.451928 0.157513 0.196578
0 0.120581 0.509052 0.0880901 0.393318
1 0.0349835 0.519475 0.0683334 0.159728
24 0.95469 0.375249 0.0616276 0.0577127
1 0.834463 0.46111 0.140112 0.126519
26 0.971154 0.478969 0.0570242 0.0901505
