2 0.0611055 0.229949 0.121758 0.214153
0 0.736705 0.469849 0.168716 0.77688
0 0.507444 0.507666 0.152611 0.650289
0 0.381526 0.268237 0.0989092 0.429308
0 0.213098 0.517046 0.155126 0.714697
0 0.919078 0.465939 0.16099 0.627801
26 0.27896 0.423525 0.0888163 0.318621
2 0.265105 0.168361 0.0860925 0.126136
2 0.166921 0.176656 0.144186 0.176216
0 0.636609 0.353222 0.0701777 0.381585
26 0.476466 0.350917 0.0237623 0.139353
0 0.874013 0.167652 0.0661201 0.18463
2 0.32125 0.150543 0.0613676 0.0792062
5 0.154898 0.0652708 0.0941767 0.058948
0 0.553317 0.325215 0.0984703 0.428343
