0 0.585975 0.537048 0.289012 0.867255
0 0.0660594 0.425924 0.131903 0.570981
0 0.33966 0.492092 0.256884 0.916385
0 0.870078 0.455839 0.132199 0.578822
0 0.237431 0.411994 0.131488 0.597176
26 0.701458 0.702788 0.114692 0.225167
0 0.130699 0.361455 0.076281 0.398994
0 0.961856 0.438471 0.075462 0.532793
0 0.72309 0.44905 0.106821 0.554602
0 0.887521 0.141043 0.0362419 0.0894123
26 0.914058 0.321337 0.0293269 0.140226
0 0.919998 0.158299 0.0277149 0.106382
0 0.216226 0.443921 0.0874397 0.528498
65 0.312107 0.368592 0.035183 0.0356322
0 0.776671 0.162811 0.031904 0.103673
26 0.928865 0.322969 0.059008 0.144604
0 0.438462 0.470682 0.0712391 0.469851
0 0.982473 0.494154 0.0343197 0.41521
