0 0.762437 0.54302 0.26046 0.762167
0 0.652165 0.387275 0.148653 0.666732
0 0.403743 0.451191 0.158213 0.784543
0 0.522746 0.424069 0.164488 0.705512
2 0.632627 0.361556 0.72624 0.546157
0 0.148744 0.249548 0.0863578 0.244795
26 0.511295 0.257096 0.0997533 0.168426
0 0.02551 0.249743 0.0509182 0.272367
2 0.758744 0.355735 0.480263 0.524746
0 0.116594 0.182221 0.0428322 0.108642
0 0.848959 0.10774 0.0293947 0.0287115
0 0.576562 0.427508 0.282893 0.695963
2 0.9583 0.188369 0.0824381 0.108197
0 0.236955 0.210539 0.0740279 0.137873
