0 0.379604 0.523086 0.198493 0.564135
1 0.858301 0.617087 0.280016 0.313794
0 0.592838 0.489827 0.235344 0.570078
1 0.201371 0.803458 0.402743 0.390041
0 0.835022 0.480599 0.267181 0.545746
1 0.561645 0.606825 0.260898 0.314339
24 0.79077 0.371127 0.179277 0.213679
0 0.93472 0.361175 0.128178 0.224347
0 0.0368575 0.402857 0.073715 0.125114
24 0.372183 0.449027 0.132589 0.176826
1 0.0897895 0.910851 0.179579 0.177449
26 0.635089 0.352797 0.0870687 0.182441
0 0.735691 0.316385 0.103478 0.138066
0 0.787749 0.490331 0.20029 0.533534
1 0.145331 0.623558 0.290651 0.325794
0 0.693139 0.2956 0.0490378 0.0658849
1 0.276042 0.690275 0.173223 0.202655
0 0.734098 0.492625 0.109772 0.491284
1 0.252641 0.614193 0.219788 0.355977
24 0.750776 0.396564 0.101278 0.154558
