10 0.899689 0.750698 0.0922325 0.316389
0 0.356658 0.599666 0.157773 0.700871
0 0.452556 0.573518 0.0904656 0.687525
0 0.267175 0.599606 0.0892484 0.637469
0 0.610017 0.375076 0.0865133 0.230194
56 0.103602 0.505533 0.0950008 0.22605
13 0.0351941 0.526547 0.0701212 0.232693
0 0.977955 0.448315 0.0432129 0.201543
0 0.18475 0.32996 0.0487761 0.0822859
0 0.102076 0.324196 0.0635866 0.0930172
56 0.585401 0.500612 0.0750081 0.240612
0 0.405335 0.318735 0.0546549 0.112984
0 0.844118 0.316408 0.0976484 0.162439
13 0.843717 0.511414 0.244281 0.233698
56 0.182807 0.490139 0.0766929 0.208035
0 0.786623 0.353508 0.0604933 0.169181
0 0.983856 0.321039 0.0317272 0.130399
13 0.869892 0.480884 0.193622 0.174043
0 0.905784 0.321086 0.0711948 0.121968
0 0.0181513 0.35001 0.0360874 0.0652534
13 0.861678 0.562284 0.274547 0.339828
