0 0.0826389 0.53493 0.123511 0.694871
0 0.282642 0.529092 0.129862 0.724936
0 0.885594 0.558515 0.14442 0.743902
0 0.683781 0.538055 0.111048 0.729156
0 0.574717 0.513213 0.145022 0.802245
0 0.0347436 0.684438 0.0690194 0.625748
0 0.479241 0.525171 0.105882 0.757298
24 0.572159 0.354337 0.0959472 0.256692
24 0.269408 0.382004 0.0766544 0.224603
24 0.684019 0.385193 0.0857527 0.221789
0 0.784932 0.561897 0.14066 0.738371
24 0.493966 0.374634 0.067635 0.242196
24 0.0790509 0.412382 0.0778716 0.241112
0 0.420405 0.299463 0.0412809 0.171542
0 0.380444 0.258434 0.0280894 0.149806
