0 0.706081 0.580903 0.284477 0.708034
2 0.217804 0.613175 0.434066 0.498562
0 0.0853976 0.317305 0.110156 0.120024
0 0.480849 0.591557 0.212656 0.629155
2 0.814187 0.268689 0.109266 0.113598
2 0.733057 0.425458 0.281534 0.266802
2 0.980106 0.204344 0.0387974 0.0567858
26 0.685622 0.484554 0.120858 0.228502
2 0.0823427 0.320736 0.164 0.111276
2 0.588582 0.371824 0.140368 0.19004
2 0.805095 0.420515 0.138054 0.260588
7 0.329895 0.253026 0.422937 0.402949
2 0.884119 0.234224 0.0993776 0.102826
2 0.910824 0.211317 0.0839829 0.0977253
2 0.655267 0.249126 0.136755 0.102662
0 0.113032 0.234367 0.0551344 0.0793885
2 0.863938 0.252838 0.0581973 0.105669
2 0.946548 0.208662 0.0443005 0.0942177
0 0.786606 0.355025 0.0657179 0.0618643
2 0.895528 0.22892 0.0801971 0.0925509
2 0.91264 0.230016 0.0447987 0.0892047
