0 0.680889 0.6556 0.214207 0.547742
0 0.3374 0.65852 0.340225 0.573517
1 0.34839 0.817375 0.399111 0.364019
0 0.125634 0.59763 0.128595 0.453483
0 0.867041 0.46485 0.09601 0.22602
24 0.696161 0.566799 0.123809 0.188174
0 0.958402 0.478522 0.0795172 0.273254
0 0.555156 0.582768 0.157672 0.436043
24 0.444186 0.577822 0.183177 0.221709
0 0.62664 0.401976 0.0778264 0.150368
0 0.243825 0.599745 0.184745 0.491466
1 0.974487 0.619747 0.0510263 0.174756
1 0.797378 0.612513 0.0678403 0.182878
1 0.545476 0.758724 0.138576 0.239749
0 0.258698 0.481985 0.152713 0.243206
0 0.791615 0.437427 0.0706055 0.154174
0 0.0551151 0.740976 0.11023 0.495742
0 0.973637 0.497068 0.0511839 0.286161
0 0.457319 0.431004 0.0728383 0.119754
0 0.233706 0.404667 0.142758 0.173226
1 0.976736 0.930909 0.0451138 0.137293
0 0.974317 0.543421 0.0513669 0.197254
