2 0.191505 0.595139 0.381528 0.601584
2 0.3421 0.4325 0.473836 0.600014
2 0.908165 0.249795 0.183119 0.265653
0 0.651688 0.540211 0.311622 0.850632
2 0.71861 0.169729 0.120435 0.137398
2 0.913164 0.0836561 0.0659898 0.0717537
2 0.545085 0.20911 0.17443 0.261283
2 0.790253 0.121452 0.120542 0.126845
24 0.72521 0.369401 0.157664 0.249586
2 0.740567 0.146776 0.121906 0.126402
2 0.833528 0.0797287 0.108263 0.0996983
2 0.759267 0.146008 0.0931898 0.132133
24 0.722702 0.430575 0.160071 0.368509
2 0.953298 0.0896352 0.038814 0.0616197
