0 0.191364 0.539555 0.179434 0.773609
0 0.842368 0.499107 0.162792 0.783387
0 0.394068 0.531492 0.143248 0.745734
0 0.547827 0.522285 0.164361 0.712739
2 0.055095 0.42757 0.109671 0.399426
0 0.649603 0.358121 0.0719375 0.386646
0 0.749875 0.346923 0.0770575 0.388201
26 0.680746 0.284963 0.0399357 0.13979
2 0.105541 0.41538 0.0756262 0.281178
2 0.285766 0.306897 0.0935 0.21198
2 0.111994 0.239138 0.0936075 0.0894839
26 0.346521 0.67003 0.0269177 0.159526
0 0.59038 0.239476 0.0215466 0.117828
26 0.774636 0.31574 0.0360916 0.149855
2 0.3179 0.245193 0.0431159 0.117962
2 0.11745 0.186832 0.0509575 0.0248733
2 0.112037 0.270989 0.0938279 0.152872
