0 0.209768 0.627341 0.275687 0.744148
0 0.558595 0.639622 0.181436 0.605621
0 0.732092 0.642855 0.176488 0.59093
3 0.908275 0.851734 0.181946 0.296531
0 0.90489 0.564111 0.121136 0.494963
24 0.900415 0.479514 0.0936863 0.183864
28 0.100624 0.802272 0.0810245 0.19574
0 0.811155 0.528677 0.0966803 0.468114
13 0.420867 0.552211 0.158842 0.155363
0 0.529549 0.386907 0.090241 0.133763
0 0.117893 0.36841 0.0383142 0.125169
0 0.665563 0.567586 0.107122 0.463957
0 0.639567 0.380846 0.0422321 0.0824871
0 0.676056 0.421195 0.0958706 0.165185
0 0.709599 0.319615 0.0562874 0.057711
0 0.145548 0.335985 0.0495569 0.0982216
26 0.489853 0.710559 0.0664842 0.145068
0 0.664464 0.367698 0.0223925 0.0543937
