0 0.145815 0.663669 0.187871 0.555483
0 0.569426 0.599993 0.141827 0.40915
1 0.981115 0.701987 0.0370502 0.143586
1 0.57127 0.655801 0.198334 0.150608
1 0.964055 0.685786 0.0674359 0.139616
1 0.773324 0.626494 0.192979 0.240796
1 0.915181 0.626549 0.121319 0.245752
1 0.0408773 0.604483 0.0472061 0.102774
1 0.840336 0.639488 0.157894 0.223888
1 0.462232 0.608934 0.0950142 0.160739
1 0.950211 0.650623 0.0988492 0.201922
1 0.682408 0.616091 0.159432 0.223456
1 0.866502 0.625732 0.213937 0.251776
1 0.342098 0.596052 0.193 0.191714
1 0.312308 0.608221 0.133614 0.169143
1 0.457461 0.626403 0.0833796 0.124027
