0 0.34775 0.5603 0.244637 0.806367
0 0.627688 0.504827 0.216334 0.845619
0 0.790453 0.339852 0.134081 0.441766
0 0.454711 0.295452 0.100498 0.349659
2 0.106737 0.269674 0.0836096 0.113425
0 0.711637 0.297438 0.0847388 0.40462
26 0.295083 0.385057 0.0421589 0.165874
2 0.0553292 0.27444 0.0548628 0.100881
26 0.560027 0.338763 0.0509373 0.260498
26 0.466195 0.495259 0.0984857 0.214756
2 0.259902 0.243835 0.04816 0.062871
26 0.723722 0.612672 0.0795261 0.15126
2 0.254473 0.251638 0.0371563 0.0550909
2 0.218232 0.251555 0.0549498 0.0725437
2 0.227121 0.250747 0.0391513 0.0678877
