0 0.27161 0.569363 0.203262 0.734702
0 0.78196 0.566314 0.2072 0.720734
0 0.553678 0.591741 0.194 0.695402
0 0.419124 0.3689 0.0799496 0.275582
24 0.553406 0.417517 0.104653 0.188889
2 0.0474719 0.392444 0.0940818 0.364899
2 0.116337 0.399677 0.0877796 0.231938
24 0.2814 0.461742 0.0656552 0.168259
39 0.197651 0.662078 0.0366662 0.104213
24 0.284187 0.428758 0.088822 0.230886
24 0.832545 0.436462 0.0809012 0.238181
5 0.109492 0.194647 0.112866 0.1675
2 0.118879 0.362497 0.0913263 0.175338
2 0.120717 0.3122 0.0888898 0.0925797
