0 0.46728515625 0.451171875 0.0205078125 0.12109375
0 0.490966796875 0.4501953125 0.01904296875 0.119140625
0 0.572509765625 0.451171875 0.02978515625 0.162109375
0 0.32275390625 0.45263671875 0.0234375 0.1103515625
0 0.398681640625 0.43310546875 0.00927734375 0.0517578125
0 0.41455078125 0.42919921875 0.0078125 0.0498046875
0 0.431884765625 0.42919921875 0.00634765625 0.0478515625
0 0.443603515625 0.42626953125 0.00830078125 0.0400390625
0 0.52685546875 0.421875 0.005859375 0.033203125
0 0.513916015625 0.41796875 0.00341796875 0.029296875
0 0.52001953125 0.41796875 0.00390625 0.029296875
