0 0.463134765625 0.44970703125 0.02685546875 0.1396484375
0 0.49951171875 0.44775390625 0.0224609375 0.1337890625
0 0.61474609375 0.44970703125 0.03125 0.1826171875
0 0.355712890625 0.44140625 0.01513671875 0.111328125
0 0.405517578125 0.4287109375 0.01123046875 0.0625
0 0.427978515625 0.4228515625 0.00927734375 0.056640625
0 0.4453125 0.42236328125 0.0087890625 0.0537109375
0 0.55322265625 0.41552734375 0.0048828125 0.0361328125
0 0.54736328125 0.41162109375 0.00390625 0.0322265625
0 0.540283203125 0.4111328125 0.00439453125 0.03125
