0 0.698974609375 0.49951171875 0.07275390625 0.3837890625
0 0.58984375 0.4072265625 0.017578125 0.103515625
0 0.5087890625 0.3818359375 0.01171875 0.06640625
0 0.494873046875 0.3798828125 0.01123046875 0.068359375
0 0.528564453125 0.3720703125 0.00927734375 0.064453125
0 0.47412109375 0.4013671875 0.0146484375 0.083984375
0 0.386962890625 0.46826171875 0.04345703125 0.2275390625
0 0.3408203125 0.47412109375 0.0419921875 0.2119140625
0 0.2939453125 0.47412109375 0.0400390625 0.2197265625
0 0.235595703125 0.47802734375 0.04248046875 0.2275390625
