0 0.708984375 0.50146484375 0.0703125 0.3759765625
0 0.58740234375 0.40087890625 0.017578125 0.1025390625
0 0.5166015625 0.375 0.0107421875 0.072265625
0 0.495849609375 0.38671875 0.01416015625 0.078125
0 0.47802734375 0.38623046875 0.0126953125 0.0810546875
0 0.454345703125 0.4169921875 0.01904296875 0.1015625
0 0.330078125 0.5146484375 0.064453125 0.33984375
0 0.251220703125 0.5302734375 0.08544921875 0.427734375
0 0.162353515625 0.54052734375 0.09130859375 0.3994140625
0 0.079345703125 0.537109375 0.08544921875 0.416015625
